8dd2563b-0c3e-4530-b243-839a567c676d, 51.1357147874, 52.2333696546, 11.0933060471
d7ce56ab-6479-4e4f-96be-b2e43035e510, 50.6076478038, 50.5546195703, 10.7700233251
b527124a-b9da-4cc7-98c2-d6e61deafd13, 48.7799230995, 49.8009919279, 10.7339473304
0bed6bc5-3560-40be-ab21-4e6aa087096e, 51.1826008612, 50.9336655228, 10.732912866
01d92936-4439-4cd1-82b0-6cbb9b464192, 51.1043305605, 31.7448422673, 10.5322016471
4ee48e84-9a40-48a3-abfa-c2ec66a9c650, 51.8799978563, 32.0113537014, 11.4178290101
8c292ac0-6d25-4f9b-a678-03ea9000ce0c, 53.0394732338, 40.266713299, 11.1536179975
e47a5596-bbb2-48e2-8107-435883eaaeb3, 53.4092797972, 32.465221003, 10.1443192479
a46dba63-c11e-4211-a0ba-7ba70d41ed0d, 52.1835632484, 34.9760461098, 10.2292181551
f5961cfd-8f84-4f9d-bddf-aa398ac95386, 53.2627026227, 32.0168593768, 10.2374728452
9c2e15ed-e6cc-44fd-9960-e9c30356dce3, 50.6516722397, 29.7750512458, 10.6775136951
600f4492-d0e0-444c-8ff9-92638ca775ef, 54.7735277294, 26.8158645129, 9.9590320229
e9ec14d4-0267-423a-9363-45c55f86dc07, 51.4828605402, 25.9191412605, 10.1700611408
91c2f03c-e2f3-4547-abae-96f7006b4754, 55.4724296937, 37.5844045695, 10.9939434587
bb79b038-030f-45eb-88e1-7994724c020b, 52.2950934644, 45.1689176413, 10.2352489306
8f532b49-b72d-43a3-9326-101c1747140c, 52.3367496573, 52.7286494122, 10.3905760365
b4154120-185e-4450-ad04-d81a1432c628, 49.2682139004, 47.7158974234, 10.4723209135
4a47dd02-7a4e-4881-ac2a-0e2664d7e2b8, 51.7386471079, 55.0264072678, 10.6592171162
359a8faf-a9a7-420f-9810-5820bec97f7c, 53.833212298, 49.5435248845, 10.1617915332
dad4bc29-a2ff-475f-972e-baddbf3f07de, 51.8758264521, 44.9744562318, 10.1430887524
8cc37bde-642a-4686-9300-b1c945ff1c11, 50.2413996264, 52.3680400516, 9.97422319603
bc52c0ed-ad39-4e14-b520-632e546d7170, 50.8834281325, 50.1459718649, 10.463451343
1a248eb1-d127-4803-bfd9-a6a938aefce9, 52.5068803938, 45.2763916542, 9.7346595622
ade73056-1991-49d8-ab48-9749a29494e3, 54.0388621092, 46.8851576684, 10.4723209135
b9ecd039-689c-4b1b-8550-80663af1ec6f, 45.3680457172, 63.6661007202, 10.4752874208
af120c76-ac9f-4cde-8cbd-6ea29910f3b6, 34.2351750385, 65.6598761323, 11.470412527
a75ba79f-530a-4d2d-a82a-62973e654ac5, 35.8633772763, 66.1583199853, 11.4839477853
97e379f7-dc9b-45a4-ba76-69fe45b233dc, 50.6950749925, 77.2071587273, 11.4164133361
92ea72f9-c81e-47db-b738-16c15d9b7dd0, 41.1125992028, 76.9579368008, 11.8015045216
670d1659-525b-408c-8fd8-232ca47262da, 37.5227024536, 75.7118271683, 11.5821267537
47311d01-1770-4157-b39b-6dde0e387e2d, 37.113557164, 76.4594929478, 12.0507264481
3757bcac-12d6-4b37-8786-e06d7cc677cd, 44.0086971308, 80.945487625, 12.4008509012
52863037-77cb-43d0-9a22-fdc753608cb9, 45.5320393355, 78.4532683599, 12.2270424894
530d8fe5-5648-436a-bed6-e480f8a7732b, 44.7168610502, 83.1884849636, 12.4995579021
bf97e369-9b7a-42d6-8c4e-fd9b825798cc, 46.113557164, 81.111635576, 12.7326813417
6873fba2-6b80-478e-9687-8a5081578d88, 40.3441053268, 84.5176685717, 12.2349451595
33854ae0-db9c-4e92-b2c2-204ffe4f548b, 44.6276894857, 84.5961296217, 12.2454330642
b7b4a93c-7f71-47a5-988e-c6c73aa61709, 43.9851239817, 78.6087864363, 11.7329480544
a8e06a92-8809-4da6-b09f-2edc3d0a675d, 41.2201473598, 81.016068748, 12.0453676509
921687df-d837-4d61-9319-08da00e06292, 43.5654446697, 82.6209236224, 11.7970958731
3095f1b9-f110-4112-b91a-0ce279dc4a60, 43.0969567991, 79.2877634986, 12.1032942069
663e8b47-4331-4d55-97f3-27c871e3c44d, 42.7632770467, 79.349488686, 11.8568789491
74c8eb3e-10f6-42d9-af8f-7672f3dd1470, 40.6150326711, 80.5839924356, 11.8833704446
7669be75-b853-445f-81df-a31e5dc127d1, 46.7630172325, 76.510130062, 11.60703674
c6f7a6b6-4f2a-40f8-9a26-fd291895f106, 44.244421732, 77.2508323118, 11.8833704446
e5cdd7f6-12e7-4612-baf1-ce93bcbff977, 44.2823921758, 81.3246946853, 12.5078172626
18cae20a-e478-4c98-aa75-a6e292b0e24f, 45.6147728568, 81.5715954353, 11.920359589
207bb3db-529b-4dc6-a222-83901d48f0eb, 44.3802691073, 81.8802213726, 12.680323984
f09a91a8-38fa-4dd3-b2fd-cb6a90237c7a, 41.487221614, 80.032126802, 11.9925653733
60ad5c41-2873-49e1-9987-1af5a762e87f, 46.7579290849, 57.6046513783, 11.466787276
2c11b1e3-a19b-4977-9378-200b350a4553, 45.9694575336, 58.0367276907, 10.4482377531
27eee085-ceb9-463b-b721-c8619cb5d141, 46.6115034091, 58.7774299404, 10.8070841649
8077858f-e9c0-404d-aab7-3c1dc54c4b9f, 46.2163582835, 58.5305291905, 10.9415118462
dbfd9fea-343e-4016-91e4-4fa988e404d9, 42.6856255969, 58.7157047529, 11.067765498
193c33ac-cfb9-46ee-903b-052509b91c01, 48.0559767218, 57.4194758159, 11.5675627268
42233094-aa00-4415-b799-3f3436ba8adf, 45.4314835465, 59.53616117, 12.218004605
cda9f4e7-cbfa-46e0-82be-24b3bb02d648, 44.9446635329, 59.7033077526, 11.9237165463
b0dc5df3-8c6a-4c9e-bbf3-1351ed04a0b5, 45.1794270967, 58.7774299404, 11.2472902102
a31f63f0-4f30-47ee-bd58-a9ff578fedbb, 46.4658194051, 43.5786207181, 12.0439436073
ed9587c9-1e83-4ef2-b91a-c86830006db2, 52.9534188491, 43.144248914, 11.7912620851
b38d7607-271a-482d-a0a5-0603c9ea6f37, 54.0727055675, 56.3850339232, 12.6333373079
30a293de-43d3-4c29-91e3-8dbf0e9399db, 47.9460594767, 62.0340642575, 12.5494453775
6f94059a-3260-428c-9b86-44e05994b806, 51.9502649479, 51.5518089284, 12.5560454018
e1be758b-6627-4118-b096-71435b30b08b, 50.4652282319, 46.7335183491, 11.6356532595
f5668f3f-bc91-4f02-b0e8-ae2089071bab, 36.9409280661, 48.4780718347, 12.4705261502
5ce73dbf-ccff-4115-8ab4-7c45777d589f, 53.3955613934, 60.8560941848, 12.7155897328
c1c32c38-6eae-4306-81cc-e8fad57f24cd, 52.2492835777, 52.7979185609, 11.6356532595
374f4441-ea21-4e0b-86cd-d76f933951b5, 47.28256085, 29.5372054198, 12.1409108373
ac96982b-e2be-4f14-8354-909989b53a39, 54.445596507, 20.9805859429, 11.8026745195
81338f42-4796-4ef2-a926-36854d252735, 49.6605832, 16.2453693392, 10.8956148122
d4794aad-9c3b-4562-ada6-7f101da73300, 50.1973325417, 32.694016489, 11.9722668035
620e36d1-f008-4864-b37a-ca4c6815709e, 49.8059030546, 25.0512107426, 11.4719172336
6bec7274-03a9-4f2e-a8dd-943f6b3eac08, 54.1599850143, 30.1187232484, 12.1363606526
223a6c28-d59c-4e31-8f4c-6586a5f4587a, 49.8485172087, 29.5372054198, 12.0553089682
58a58e34-f017-4703-97e8-a0f952f6fd02, 47.5909163616, 29.2879834933, 11.9860991334
8f75f255-60a8-41ca-a7eb-49346f02c24f, 43.0292686683, 47.5642581042, 12.3833011187
eff7bdbf-f57f-4a67-989e-d7f8018f353c, 45.7228290791, 60.1915023808, 13.0690264885
a6c46127-41d3-4850-aca5-704896f1e353, 53.459003644, 55.3732118016, 12.1409108373
fe197fa9-b75e-431d-a5f7-f166fe1f9588, 46.4953932103, 54.127102169, 12.4008509012
a16178d0-0b18-431f-83a7-4900150cd25d, 45.7592186453, 56.2870255321, 12.6543597521
d0a25f2a-8bb0-453a-b459-276ac8de2d3d, 45.7850749581, 48.4780718347, 11.9702482527
93d2d5cf-2f1a-4a79-bf8d-a6372ab9fc03, 45.3780840013, 48.9765156878, 12.333860899
c881c4ba-0129-412c-8a42-cff6a1bdf571, 55.1630973082, 51.3025870019, 12.30443804
7e3e4a50-e805-47ea-9de0-56320919002f, 40.1506869088, 47.9378479253, 11.6152436001
f54fdbd5-3c50-4239-9c32-db376caa3bad, 46.6943362243, 47.5057716129, 11.8833704446
3fdeac35-2ff0-405e-971b-45241b2974bd, 44.9771289039, 53.1844888609, 12.2290808132
1a9d219f-d7dd-4cde-96ec-b2f33fbe3f5f, 41.6320914083, 47.5674968004, 12.1056558789
ab34a8a9-dbd1-41f3-9a8b-ca108a242a74, 51.5149319548, 80.5716199379, 14.8167372451
5e78c11c-a30d-48ec-a323-da5a52a160d6, 41.4690244402, 82.0283163991, 14.5724704013
f5dfdc14-6a34-4ceb-b020-9edb0409b023, 43.497893466, 82.0283163991, 14.6938575932
5319e8a2-d3e3-4231-8b7f-802dfb504a85, 38.2380722336, 77.4154442718, 13.9655355325
4852490c-86cd-43a5-95d5-f3488d4ad37c, 29.5667547379, 77.9010097589, 15.0619347874
88d0efe8-3683-4e33-8174-8411485f8223, 48.0411970047, 78.9935321048, 14.3296962302
693ec549-5ea2-41b9-ad06-26528bb42566, 42.3417177999, 79.1149234766, 14.2083092545
6be498ef-d18b-4a15-a23a-c436508c774a, 36.3417177999, 82.3924905145, 14.5719646127
e11d1618-803e-4759-93ef-7e649c284e55, 45.6881461097, 72.5597894009, 11.779963062
85375910-9b7d-41f0-bfa8-e6c270fd12a8, 35.9020598274, 75.8373564387, 14.209865412
51c7bc2e-3fff-4813-ade6-e00af3a5231c, 44.8909366071, 79.1149234766, 14.5739876618
4441892f-768a-4509-948a-ad1833e7238b, 36.0293664677, 73.6523117468, 13.3602578285
ae77b0af-8adf-4de5-8488-34df0cb366f0, 44.4631091717, 76.0801391823, 14.4551629419
5034e009-9df2-44cb-a717-f01d0bfc9033, 37.2262416966, 77.0512701565, 14.6978698461
87ca1219-6612-4219-9ac5-c51646fd1642, 36.5956237637, 77.6582270153, 14.450573241
8c48146d-20ee-462d-a4de-1985993ceb25, 46.8502370443, 73.6523117468, 13.9655355325
5af96d30-49b7-4a10-b11c-01ef38bc4728, 44.7517994298, 75.4731823234, 13.8441487902
0634635f-efce-47b7-bbce-0b9aa622ff19, 33.7517994298, 76.3229219258, 13.6030011688
ac63bcf6-85c2-4782-ad08-4270bd20d0d3, 44.9020598274, 77.9010097589, 14.4510832797
12a93545-71b0-45e3-90eb-d819821f6bbb, 47.2380722336, 76.4443132976, 14.3312392023
77e202fe-346d-4601-92ee-e7b49abe97f1, 40.3128487741, 73.2881376315, 14.2160883382
e245fd55-0961-4178-b0ff-3363c889fbd2, 59.2780644797, 70.9817015678, 13.3586026626
023a0955-152b-4035-a5f5-0466d2fd0276, 48.8968518756, 71.7100497985, 13.9734498184
010f8d87-93c8-4772-86d6-dacda0929cce, 47.4046638033, 73.045354888, 13.9781962384
ff294f43-0783-4edb-86e1-a9be32ec58d7, 40.0411970047, 72.1956152856, 14.1052231359
018fa34a-4b47-4855-90a1-098b16ace080, 44.7806684557, 72.9239635162, 14.2207537451
56d80907-2209-4c2a-a1b4-7450f2928328, 38.474232392, 73.045354888, 13.7243733619
b2dca14d-bef2-4380-af95-dce82be3cf84, 41.2951029686, 73.4095290033, 13.4799890637
f6396af5-8a59-46f8-b4ec-4ce31169964b, 49.2653271131, 74.5145366944, 13.5418508095
78ddd4e8-6f9a-4496-b8ab-79ba2f4d7321, 43.6015390322, 74.0164858621, 14.0911074865
edd7b9e9-d5ba-4b1b-88e9-ab819a511d89, 45.3994558515, 71.7100497985, 14.209865412
c19ab07e-fd51-4642-bf7d-c7fd5dbf4a11, 48.3358025314, 71.8314411702, 14.0947684572
79bb98c8-f031-4f10-91b9-34df2f77c919, 39.5090166863, 72.5597894009, 13.4816293212
b7a3df88-ba56-4136-8e5c-729b49eb8991, 44.8095374815, 70.8603101961, 13.6057100959
32b2d12d-529b-4284-8724-697243eef92c, 44.144842571, 71.2244843114, 13.7227621298
4fd37468-7d11-41d7-bb70-864eaab7c374, 39.6015390322, 74.3806599775, 14.4587317016
c4fcf100-f16c-47e1-8c87-0888c382cff7, 35.6244927896, 75.3517909516, 13.8436163821
5941e442-21e5-4ee8-aa4e-3b60ce1ed7d0, 41.1966653541, 74.9876168363, 13.9697570432
c6edaf89-35e0-444d-85b6-c6432e7fd12b, 43.5497162491, 73.045354888, 14.0884919248
de0f635a-6646-416d-ba29-2c6d4f246253, 42.1100582767, 71.5886584267, 13.8457458914
bcbde42d-34ca-4820-abee-03c827c235e9, 44.5090166863, 73.4095290033, 13.6030011688
ed36de57-d16e-4762-a205-1e2ebbecedf4, 45.1791821417, 74.2360070402, 13.7592999208
c7554367-a408-4be2-aedd-e795443f4d8d, 46.1337193507, 75.8373564387, 14.3312392023
6c26c014-8fab-4f4e-98ac-92297d59686b, 39.6422385951, 71.1030929396, 13.3850607471
d594df63-ef99-40e1-9094-951980643254, 46.2951029686, 70.374744709, 13.1354844598
c331042a-374c-4053-b2e6-6b3f29d87bad, 45.381710046, 69.6463964783, 13.0080502816
a5e40599-17cc-449a-aa41-d0b608369f66, 46.3358025314, 71.2244843114, 13.7356466932
bdd6b8cc-aa61-414a-800e-0cef903d27cd, 45.2255343799, 70.2533533372, 13.1158301365
fc3c3dc6-3efc-4932-8ad6-f31453531f78, 43.9886669049, 68.0683086453, 12.8747756073
952ff764-d5f3-4a76-b1d1-85bfaa4c9c2b, 43.2551107224, 71.4672670549, 13.6013755535
e4cc8a43-8d52-4929-968e-89e50857d58d, 41.2951029686, 72.6811807726, 13.9734498184
4e21e2e5-90b2-42b7-b697-08209594b1f8, 49.8028037275, 47.1448254648, 14.3858713655
02558b9b-afe1-4209-b83d-17b5ae46940c, 62.2929341389, 46.6546950534, 14.116065551
3889f32d-de3d-4d14-a1aa-d2f3e2299c6c, 35.1295573351, 47.3082022687, 14.0705947597
ddd5909a-b685-48b7-92cf-5b78ac03f525, 47.9661805313, 47.1448254648, 14.1321346934
cd355628-b0ba-445d-aa8f-4efa42e8a32f, 44.1295573351, 47.1448254648, 14.7234275614
2a341b61-d607-42c4-b541-694686a701e8, 36.2929341389, 47.1448254648, 14.401639361
82bf9de3-2183-471a-9093-05bffd427fdf, 39.9661805313, 46.8180718572, 14.7170789157
f10512c6-adb8-40b2-b9b9-0e2b0d90dc09, 36.4563109427, 46.8180718572, 14.1915263326
bf67dd5a-cc14-47d2-a0c2-678b799bb80d, 51.4563109427, 46.164564642, 14.1018716843
26db2072-67aa-4a38-868a-a265a6dc6f77, 47.9661805313, 46.981448661, 14.9296297544
5bdaf120-ecdb-4120-9333-b2d22e173cbf, 48.9661805313, 47.3082022687, 15.2069460285
3b7dda51-fe75-4bdc-9d6c-db9819abbbd2, 46.7830645504, 46.8180718572, 13.4028940758
78678aee-f371-4617-a097-c7ac9737f147, 39.4563109427, 46.4913182496, 14.2337971553
0862da8f-2051-4d2d-837c-d6dd1b9940a8, 46.1295573351, 47.1448254648, 15.1074160091
d66c8a20-0bf0-4234-bde7-4a1663f1ce3a, 47.4538863739, 45.7252732731, 14.2057347623
43fc64cb-4f49-48e4-910d-f9e50ab79c59, 53.9661805313, 46.6546950534, 14.4275725976
b58998ee-e9e7-4d92-b019-396d4b8f0a8e, 49.1697063696, 110.110425852, 14.0557238105
5fd91ab0-44ca-4111-bd6d-5771ebd1079c, 57.0812894234, 113.404390529, 14.4396046051
5963b259-1744-4d6e-aa28-3ec0a8fec6fd, 55.2284342926, 115.25724566, 14.2161887436
532f1deb-4019-4f08-8e25-4f160bf3f682, 51.5517629311, 113.610263322, 14.4160954615
ee148e22-427a-4282-b54d-95eb7f4792a6, 53.6408300004, 111.963280983, 14.0043498769
656b7f48-eccc-44b1-909d-41bebb41c799, 53.2287593542, 112.375026568, 14.4175659064
78a7f2ee-143d-456b-87e7-eb4a561481d1, 52.7282717619, 113.610263322, 14.4160954615
0814872a-063d-4c77-82cc-64f5c27d61de, 52.5814519542, 116.904227999, 14.2102226692
def457e5-7c7b-41cc-b588-cd5472446f65, 50.3171763004, 115.25724566, 14.6219682538
95dc628b-d7a8-4185-bdbf-50f0c1dba691, 53.4643211696, 116.080736829, 15.0393531309
a5362aec-5209-450b-b49a-d8f3e01332f0, 46.7579607849, 111.345662606, 13.5926042923
8c5c8736-b566-40ef-adb4-e6239743e4a6, 51.9051056542, 111.345662606, 13.8000133631
e2b28366-f935-408c-acce-f6bafc16453f, 54.7282717619, 113.816136114, 13.8000133631
7b95083a-f39a-4527-8c39-b581fe6a6394, 51.5227240311, 114.022008906, 14.4160954615
bcc2d56d-c1d8-4734-9402-7b351a6c8c7f, 48.1697063696, 114.022008906, 14.4175659064
5bee5b4e-40e3-45f1-b376-4886afb37158, 52.6114660388, 113.198517737, 14.6581686368
dd65fd7f-7715-45f2-85cc-e2f005d03eb1, 43.2284342926, 115.668991245, 14.4175659064
b5447a04-6dfd-41ad-9623-5357e626d73c, 58.6401798772, 114.227881699, 14.8977302199
34095884-483b-4230-9275-583c8b16e30c, 50.140342408, 113.816136114, 14.4160954615
c2896667-0d42-47b5-be3e-4e14869582ee, 64.7873247465, 114.845500076, 14.2236428164
5ed6e12c-09de-47b8-98fa-d5751e84657b, 52.6401798772, 114.845500076, 14.6581686368
ae0467ac-8092-4164-b66f-890fb97aeae1, 56.6111409773, 117.110100791, 14.4175659064
5345c57f-b541-4c31-877a-f3adffb628a2, 46.7282717619, 116.698355206, 14.4689373007
125187d7-26fc-4d42-a825-5d28ed43bfda, 53.1697063696, 112.375026568, 14.8407025158
c2c8b9ad-4224-472d-ab2f-0c77ff58da76, 47.3165261772, 113.198517737, 14.50990342
07ab2f63-9fc8-421c-9b84-e0b6be9d7bb3, 45.9377202313, 83.5528356449, 13.6066338306
6ae3d755-70dc-4417-aa74-7c45e27d2a79, 53.5553386083, 83.7587084372, 14.0285492897
05a8c81e-4ea5-4721-9a7f-fbc4173e1a2e, 54.9377202313, 83.1410900603, 14.0043498769
8d4a806b-3309-4924-9678-9033871c800b, 53.5188232924, 107.022333968, 12.5784184955
031a2416-f82f-4df1-8f99-192d354c3aba, 45.1064275846, 101.052022991, 13.5143971025
87d4b7ee-1613-4813-be59-216297458f8d, 54.7537349846, 107.022333968, 13.5988414302
787fe60c-bc98-42d6-a021-614ed403229c, 46.487834023, 108.875189099, 13.5988414302
515ce74a-d99c-4d6d-b8d7-b8ae57e1207e, 60.1700314311, 112.58089936, 14.0783291619
4a0818bf-eda0-495a-8bd1-6f87d3419cea, 54.9641586388, 114.639627283, 14.6451468107
3a4c9797-3145-469a-95fc-fc89e41c3717, 45.9377202313, 83.7587084372, 14.0104036501
a0e9aaea-5450-4506-b631-80d143bdbaed, 51.5259746467, 84.1704540218, 14.0043498769
84d5d6fd-23d8-4a69-bfe4-3b8178b200c3, 54.3201018544, 76.1414151218, 14.0179671888
2e3a3200-6424-4318-9374-1bb6987089bd, 50.9083562698, 76.5531607065, 13.812297438
9f349728-e18b-4785-a31e-e91fe57ae306, 55.9083562698, 76.5531607065, 13.812297438
b8af839b-190d-4c08-a800-d929304dd809, 53.1142290621, 76.3472879141, 14.0285492897
2853afa4-0e16-4bf3-a063-add16720a9c5, 50.3201018544, 76.9649062911, 13.6175356972
b5e0e859-cd55-4983-9aa4-ade68482f9bc, 54.1142290621, 76.7590334988, 13.3867315
623d42ce-c31d-426d-ab07-6c6b900a67ea, 51.9083562698, 76.5531607065, 13.6315395669
0b517b4c-9561-4466-bd01-f31bbdc552ca, 47.7024834775, 75.7296695372, 13.2210070691
22d4db40-9f0a-421c-a2b7-d590a83f2a74, 53.1142290621, 75.9355423295, 13.1373606144
eadc65a3-a55a-4b0b-918d-d93daa4e0fd9, 55.5259746467, 76.1414151218, 13.812297438
93e4c251-196b-4045-9643-30e5acb73472, 47.1142290621, 76.7590334988, 13.8368328593
83b20161-a48e-4149-bff0-a379c7c06f04, 51.3201018544, 76.5531607065, 13.8046211727
1b494a06-0b7d-4d30-aac5-5391e6e957fa, 49.5259746467, 76.3472879141, 13.2210070691
aa225791-134c-4e31-a599-65f100420fd0, 54.3201018544, 76.3472879141, 13.4009766496
30d095e7-9771-45d8-831e-69f9a5dd62b8, 52.9083562698, 76.5531607065, 13.8000133631
46364da3-687b-42b4-82bc-1e4e977121f3, 55.1142290621, 76.7590334988, 14.042143126
c368adfd-194f-43c4-99cd-959405c18fd3, 51.1142290621, 76.9649062911, 13.5926042923
f799d711-3593-4c1b-a7fb-5e97d4785add, 58.1142290621, 77.3766518757, 14.2117144227
1bb1cfa5-a21b-467c-8f9c-d52509bc9c7c, 50.9083562698, 76.5531607065, 13.5988414302
4f243329-673e-4917-b0bc-fc7bd045b5fe, 54.7024834775, 76.7590334988, 13.0157695702
be85dcc7-a777-4d06-9a03-418a156001e6, 51.7024834775, 76.3472879141, 13.3867315
921c7ee9-d336-484a-8f5b-969137f4546f, 47.7024834775, 75.5237967449, 13.4262640277
ff80eb68-49b3-48a8-83d4-711078339a24, 55.4966106852, 74.906178368, 13.1824669907
1250b277-230d-427f-93f0-28ac39e9180f, 50.4672467237, 74.0826871988, 13.1824669907
6495a2cc-7257-4f7f-b608-dc935268ae9a, 48.673119516, 74.7003055757, 13.2065677247
11098cda-da6e-4408-8330-6f9ea385649c, 45.673119516, 74.0826871988, 13.1953261955
438a1049-2095-4348-827e-6952bd016140, 35.673119516, 74.7003055757, 13.3930645488
c220c1e4-77cf-4162-b76a-d0914078ab8a, 47.2613739314, 73.2591960295, 14.0043498769
ccb31fc1-2743-4827-a464-ce0417338b43, 43.1794183105, 47.7194255321, 10.5185969305
bbb0a3e5-adec-4e17-afc5-ae650402a1b6, 43.9213803433, 46.9545929462, 9.64310452636
b38a002a-1b12-4b4c-810f-19c452006a33, 43.9785567261, 42.8244969821, 11.2561006843
d84f2d88-f828-496b-a6f8-bd9fceeb1d07, 48.6361639011, 48.7901911524, 12.1048352227
3270f6ba-7105-4cf5-83fe-58807d3fc7fc, 46.8734852761, 50.4728228415, 10.2537566516
1e3c514e-9f81-4958-bc6e-3a5b800de28a, 48.4603268308, 51.3906219446, 11.1715557547
f5ac77ff-b282-4deb-a1a2-9b58fc02a918, 48.8963558292, 52.1554545306, 9.64674543987
a4b2d71b-93de-4356-a899-806efff3d6ae, 42.848460762, 52.6143540821, 10.2583217995
3cc114e3-4962-4622-80d8-554c22cd6832, 45.743389312, 51.696554979, 10.7823568981
dbb6594a-9c7a-4048-8d15-87a48775c1fd, 43.060757623, 55.8266509431, 10.1424224353
2486fb30-ff7e-4a95-a514-bc1f240761e2, 46.6819050073, 52.9202871165, 11.1883066447
62d0b2d6-8312-43e3-a99b-f6858dd0a7b0, 47.9649674886, 52.7673205993, 10.569661053
6c953124-1bf6-41bd-8598-98e1bede9800, 53.9056371448, 53.2262201509, 10.9525305462
5a3241b4-5f23-4b12-8521-6932db64ad16, 50.2137241402, 51.2376554274, 11.1726034214
072c0ccf-0d38-4c13-beaa-4fdc7039aeed, 49.5175032136, 54.144019254, 10.7660613035
4b63d57c-f9ba-4b54-a9e9-9f8ac5a854fe, 42.7205187589, 55.5207179087, 11.6666279426
7c533d06-8029-4fe2-849b-1271deb183c7, 56.6212437202, 38.694401018, 12.0903229616
3e208345-81cf-4425-8308-53044050186e, 54.5504780999, 37.011769329, 10.6490957133
4ebcad61-77a2-4ee7-8cae-9baa24d65eb7, 55.6694975775, 35.5687499611, 10.8069474635
ad6e7c21-b9fe-4991-9aed-2f148108e866, 58.2871159544, 35.7746227534, 11.7848101873
4e121543-4156-4974-b931-2ca638a570e5, 46.6694975775, 35.5687499611, 11.395180852
764cc2e2-72d3-48b0-bed4-1a5ca401bcab, 52.8753703698, 34.3335132072, 11.1392736333
0ccc4aa6-db8d-4aef-8096-26e019b987d3, 54.4220980567, 51.6435477516, 9.70667599609
56eb59b7-6fad-4aa6-83b3-2e92a2dad851, 44.9183502629, 51.9206254245, 12.0347668054
0ecdcbf8-f2f8-4e04-90a0-a3ba74461c97, 49.0040103287, 53.028936116, 10.8429525891
8e2c5f7f-cd00-4999-913d-e803f6702872, 49.6530090517, 48.6868752977, 11.9527189066
0f726322-4c1e-44a8-ae86-21ee5497415d, 51.3295437608, 48.9325735806, 11.6555871081
a2b8e4c1-1f34-4d43-95e2-513d9bc03f23, 42.5532758983, 49.238506615, 10.8699307819
e18eab9a-a2fb-4189-8568-5da0eb8055a6, 46.6333228342, 48.3207075119, 10.4168410321
9b8fd00c-743e-4085-a2d2-72cbd25f283a, 63.3206577527, 45.8809947296, 10.6247044252
878ee542-756e-4878-9ad8-5b3590f3a3f8, 62.4163665563, 45.3268393838, 11.4191204861
b518467c-9ef5-4cd1-a0f3-bdc637a51b70, 60.260201463, 45.0497617109, 11.1019521513
7105defd-41e4-4362-bac9-05c5b5ad812b, 59.2475995749, 44.4956063651, 10.6247044252
cccc6863-f18d-4379-8380-e7ce4d3e804c, 55.7412986309, 43.9414510193, 10.5375966976
7f215a3d-e6b3-4b84-9209-1113b9c6a472, 54.0083275661, 43.3872956736, 9.21548862323
0101364a-cc99-4cd8-91ee-3c0af1391634, 50.2123470612, 43.1102180007, 11.1433845997
d793d111-4d13-4147-8189-4b5cb097dc63, 55.8017549207, 44.2185286922, 11.0915698454
26f2ec2e-996b-4a30-9cc6-c98cc2bacf00, 57.0838169947, 46.1148332634, 10.8677169982
8e3df1d3-86c4-4f0c-a084-68561f56e536, 56.0107588169, 48.0543769736, 11.0915698454
98066f3e-74b8-4480-acc2-38e1d63de6c4, 57.239982088, 47.2231439549, 11.2120982965
81e4f8a8-f2a9-4e8f-953b-3e23a0bf9160, 65.1840757005, 48.6900202917, 9.51479440083
ea726b80-6f38-470a-a052-671c8dad040a, 54.9853680771, 47.1603551198, 11.8191261143
e674eaac-5170-4fa5-8027-d29c037b6949, 64.0082386302, 48.3840872573, 11.5425699071
166f0ac9-c3e6-4a6b-acf7-f16723e21849, 51.4900087349, 49.3018863604, 10.4471358004
582b477d-405e-438b-8368-9bf171c17f2b, 50.8409733008, 33.3324389864, 10.4640672943
c034e162-3cc3-42aa-828b-2070a9963afa, 54.4585916777, 34.5676757402, 10.9337237788
75d8747a-44d3-4be2-bbac-eff4c9ea4943, 70.0445706621, 50.6257535402, 10.6029506284
07f42109-080c-466c-b414-6962c8236fc3, 55.9558286544, 50.0081351632, 10.7814132306
d04d4330-ce84-4ba1-8180-79e462de0fb5, 51.0739346237, 50.4198807479, 11.6818173092
d6e6ed88-e958-4c6e-9ea6-4e2f93535d80, 58.0736095621, 51.2433719171, 10.7597599901
971d660c-e9b8-493d-90a9-7caa5c240940, 56.2527188854, 34.5676757402, 11.2434673201
33a4d004-f323-49a1-8ba5-7514cf2b1deb, 57.2233549238, 35.5970397018, 9.12170184698
8f7c319b-266a-48ef-8888-37f5592445e3, 57.0468460931, 35.3911669094, 10.3499797823
ab5af208-8b98-43b4-bb22-f0c4ef8bfe4d, 57.6057365469, 32.9206934018, 10.5065305744
914848b4-ff42-4cbd-bb1f-c9b46b904214, 57.7033999081, 32.9717350899, 10.5873647287
bed8021c-f4d7-49ea-8cd1-7d5649d816cc, 49.6660633549, 33.9801002368, 10.6247044252
80390e0f-40ba-44e1-ae8a-8509f35d47de, 58.3889856821, 32.8717895452, 10.8429525891
41223920-8d38-4e1c-a4da-d60a08ad5762, 53.1119080092, 31.7634788537, 10.2606175062
970ae89b-01e8-4b8d-9be0-9feefe830cae, 49.1119080092, 31.7634788537, 10.0411801647
5be3f5d1-c4c8-4aea-b5ee-24468b43ec99, 47.6660633549, 32.0405565266, 9.4622418224
18d0fa11-5245-45f4-a764-891034c7c3c4, 53.6660633549, 25.1136147043, 10.3500577242
e76f16a7-a7ae-4658-8a92-d0b70d7706ab, 50.6660633549, 24.2823816857, 9.99517756885
0ead597b-d928-4028-96d5-4ff596d49a04, 48.3889856821, 24.2823816857, 10.0755442073
783ad3e1-3f75-4eec-bc70-ab5eceb930b3, 51.3889856821, 23.7282263399, 10.2606175062
dc3d1b67-7e3c-4d29-be90-a877176867ce, 51.7743740465, 25.944847723, 11.119234442
2113f7f6-282e-45af-bca6-ead646be8227, 55.9745010458, 25.4027337529, 9.5582223332
f0cfbd36-4297-4100-877c-e800030d3f18, 60.7743740465, 27.0531584146, 10.0143710113
654704ee-86ce-4c1d-818d-3c3101623889, 58.7743740465, 24.8365370315, 10.8677169982
d17633b0-7103-4c90-a6b1-7dbd78924c9d, 56.3811089325, 26.5408377111, 10.5499598698
9c372811-44e6-479c-8212-8bb641a90413, 55.2256918619, 100.43472757, 11.1449993
90a646c2-f939-4b4e-8611-b9dcfe5a6f62, 55.2658831832, 100.672940395, 11.6860643279
f77bb5ef-0e2a-4a85-a008-0d74c231302f, 53.7364426696, 102.904084206, 11.7640364198
9b72505c-7428-4995-a1aa-fd85bf67d228, 55.368201422, 102.797205955, 11.3345987466
c0a11e77-298b-409a-a665-ee2d215b234f, 47.4586123888, 95.5826945851, 8.82010245581
3b67773d-031c-45d8-8f0b-42525d7200e6, 46.8320861241, 97.7268216866, 9.3877354476
5ca8248b-c458-41e6-bd05-08212d1abbc3, 43.8350493611, 91.4532646117, 8.74177637329
47557f3e-c71a-4636-baff-d71847c3fcf7, 42.5487547547, 90.4352763569, 9.46704596189
a0603368-2903-4102-9cc3-39815d089bf3, 45.9987964245, 92.0235186543, 9.69620670716
bd7ebf16-dfb0-4d83-ac10-f061d747c970, 43.035832418, 91.7258696808, 9.62271248763
6d6798da-0517-4560-94b7-c0af19354de3, 43.9958918646, 89.5175792062, 9.19715095759
ef2cfb6e-c2d5-448f-aa8d-fb950477e3e9, 45.4530407473, 91.5482659768, 9.7403122049
92b1504b-ae2c-4dad-bc9b-a28b5c9e955d, 42.9081416232, 92.457161621, 9.29927125033
528de941-446c-4a0c-b6bc-8268477c37fa, 43.9691810269, 91.9127004304, 9.34634423968
102710e6-711f-400a-952f-acc5020981a1, 44.2883265019, 89.7152189402, 9.39714035411
27059102-22cb-4fde-8498-66b7c17f23bf, 45.5842074062, 91.3207896483, 9.08965134232
b2b8b2ef-9a5c-491d-b4f8-228c0256ffae, 43.365355372, 92.0737499431, 8.78066627615
61b381f1-dc19-4541-9f2b-80cf5af6fcdf, 38.4734256174, 109.047348338, 10.7942629822
65cfb243-973c-43f9-9398-c12774c0b352, 46.4909381123, 107.896595904, 11.5134233256
1385ebe1-d185-4c1c-b622-fb2c3a94615a, 47.8589906967, 107.414715775, 10.887067852
037f0d12-dcc4-443c-8a9d-5ffa09710fdb, 45.2235747211, 108.447073269, 11.2817999285
6b3392ea-3e77-424e-89a9-cf3fd6d7e56c, 46.3785608715, 106.217013944, 10.8123440656
9007e2c9-78be-462b-8057-74f2fc39cb68, 44.6754666723, 112.649395249, 11.3612100881
d685da41-6131-40ae-b65c-eb7ef7e4c29e, 44.8267443061, 113.908909452, 11.0572722034
48510fec-dca5-4738-a223-19f9ca8e4349, 47.1424371135, 112.405340872, 10.6597711989
42b86fbb-9d3d-4424-b96c-838a850bca34, 45.0632585322, 106.018500856, 11.0444265285
18b6cd23-7644-457d-89dc-888c69a37b13, 43.7590425377, 107.194618774, 10.9322231918
1e3c1c29-9b85-4090-9b14-b5dced2758fb, 45.295562225, 106.640862702, 11.2470744266
529c1add-6084-48c0-bf11-1510fba82787, 45.5737805392, 105.327651013, 10.8155529403
22f76d70-4f1d-45ea-bebc-bb456e6b7213, 44.8849640041, 105.530152719, 11.4003313508
6dd6bd97-6a9b-492b-acb9-b2f018b98515, 47.791945785, 106.660682593, 11.7582612822
9bc70e94-2c0f-4524-bbd4-5507d59e1861, 47.4301089749, 107.030338252, 10.9799716354
ae24f9b4-364f-433b-b7cb-99fca5dbd7d2, 48.3669361384, 106.45529643, 11.8082341568
404d25d1-a08a-4ed8-bb9a-2e03983d41f4, 44.5011404659, 105.357345142, 10.9798130227
e1d7f3a9-d362-4008-9d4f-3f2c098a03b1, 50.5380212034, 104.412249624, 12.8361798989
35b5e443-057a-425a-a4da-24e7905631e5, 46.3280471313, 104.490918415, 12.9483048138
06972ba2-4336-4e2a-8d92-b37776fea85c, 49.876751589, 101.496598198, 12.9270919811
9b8d9afc-e1a9-4b5a-9232-2d0dd2121080, 45.9634961051, 78.1101173382, 10.0878740417
5a2218da-51ad-49ef-a13a-54b82e04aa84, 45.7086906904, 79.3598742691, 10.5859007012
9246f479-2596-46df-9da3-6f4b2b440711, 50.0420185414, 78.9574305995, 10.1471772712
b8f9cca6-6d84-4773-8be9-c5be512bf5e5, 48.8378788072, 52.0967137493, 11.6122904423
d5c14d55-3dd4-4eb7-85cc-815b5401dbed, 47.3853026278, 55.5784173456, 12.3859016286
56423325-4600-433f-866f-fc3f176ecab0, 54.2867222914, 51.9032857717, 11.804106632
9ed34402-dfe8-4bf0-973a-7c479b1fb985, 39.1374395139, 29.0366145868, 11.2234357142
1c072d6e-5383-4af9-b8ba-79d0235a19e4, 52.0259663525, 58.3671735636, 9.93609386453
31f8ab0e-8349-4224-84da-e28929de44f4, 50.3852506193, 56.8721701862, 9.62522340004
3063df14-4c56-48be-bea9-b115288fa562, 52.1816719533, 57.0857420972, 10.3681904902
289489ff-a5f6-45b9-8141-e4ee77891bb6, 49.9491601322, 57.0857420972, 10.365439225
e8c07891-8afc-4b0f-949a-6bbe968477bf, 49.8902472419, 57.9400297415, 10.6857310588
a5e49f8d-efa4-4270-9158-19386e926e32, 50.7066550661, 56.8721701862, 10.1698787671
976458ab-f8d1-49b6-a69f-a0f3f57ff5c3, 51.2295450185, 56.6585982751, 10.1771680321
08d8985c-7c31-4d88-b5cd-803a36db5f65, 51.9639137217, 69.472912939, 10.5902840858
673f77ee-b186-4121-9195-9b59efcbee73, 49.1075906381, 53.2453606572, 10.5902840858
386d5f43-245f-421f-b681-9a4080d19589, 44.4589748201, 53.8860763904, 10.7267566403
93512aea-945a-41d2-aed9-7ca4caea268d, 51.4385157735, 38.7224707048, 10.1547227973
00b2470d-4de5-4dfc-aad2-dab52360f5c4, 52.5453017291, 38.7224707048, 10.1698787671
e43948df-fa56-4550-8c02-5f03172524a6, 53.6520876846, 34.557818439, 10.0479906126
8179351b-81af-4e61-bc19-d4224e2084a8, 51.9724455512, 39.2564004825, 10.4836354474
ce46a342-6578-465f-ace2-ccebc04c1069, 52.8656595957, 37.2274673273, 9.72780114364
669393dd-46bd-4662-9d88-477df49c888a, 51.1860174623, 40.0039021712, 11.0044717861
74b20ec5-c0b1-4bbb-bb5e-4bc31716d07d, 52.2580633382, 52.7114308796, 10.577348907
651882a5-ba4b-4ee8-903c-a3e8bb0ba2ff, 54.7588736401, 36.6935375497, 9.76000078396
33bfa56e-3721-4cd5-983e-3564523c71a8, 52.9724455512, 39.7903302601, 10.3720410348
e2a769c5-41a7-42fd-baae-69eeb6a1ca83, 49.771517276, 89.1379852942, 11.6643569873
53451e98-ae07-4fe0-b21c-e9ef5f91dac4, 47.2696694079, 81.3704063678, 10.0781927852
bb847ca9-08d1-4041-8679-c08e6a18b88d, 49.9462074907, 84.9665077226, 11.8317458171
9b8d2a35-9e8d-4921-b989-29db83d9951e, 46.5882036768, 85.6857279935, 11.3695906501
5d685eb9-4c93-4acd-bf2e-c7a501f3c6c5, 48.9185739733, 85.254195831, 10.8019312582
8cfdba20-7e38-46be-b5c5-cea922a7196c, 47.7056461257, 85.3980398852, 11.7448252347
e6a564a2-96fe-4d6c-b009-68e039722b58, 46.5284920868, 81.6580944762, 11.2331318557
10ef3a2e-1017-462f-8805-7468e95b8b8b, 47.3626909825, 84.8226636684, 11.8002124438
43f43451-e8e3-4049-9ac1-b6e0ffa3e5da, 46.1245934417, 84.3911315058, 11.2699274052
04bd41ec-ef0b-4a05-ab89-11d53935a260, 43.8413498885, 83.6719112348, 10.9371481186
58c9af1c-cd74-4d09-992c-387a144a4144, 44.4330066881, 84.53497556, 11.8010895091
936468d0-0c6c-4552-87c6-4b17a7a2319b, 47.7350276022, 79.6162784363, 10.9086770614
3aef0345-d4e9-4602-93bb-72d32cf7f7f9, 49.2704697499, 78.2268611722, 10.800232447
f7ef46a6-ae05-4b13-8145-a9f764cc5ce3, 46.7181078784, 79.295643683, 10.6053614552
627d0194-bf52-4803-881d-9203fb5c2c6a, 48.7487946491, 76.5168091548, 11.3361110065
dcf3bf65-f97b-40fe-a97e-da08750fcf3a, 47.5657249175, 72.6691921157, 10.2653121043
a7ee0735-2071-4462-91e7-8bdbd73dba3e, 45.5202202077, 75.6617831461, 11.0217579577
d9520b23-816a-4e96-86dc-50a1ddd56687, 47.7487946491, 75.8755396483, 10.7269716017
dfaf94f5-bbe4-47c9-ae36-02a6c7f687a3, 47.8091172981, 75.1273918907, 11.1618813371
21e1ba0d-8db1-478b-a34e-52df27657b22, 47.6429672903, 78.2268611722, 10.9149609984
927e9ff9-1822-4742-8f5f-fa683210b69f, 46.5890027186, 81.3263304537, 11.1208519388
61114784-892f-4b32-b7c7-f933c296ba2b, 47.7646634805, 77.3718351635, 10.8255982132
19beac86-13b0-4e2c-afff-8c52e107c961, 44.4948406221, 82.0744782113, 11.7693780153
42f9ecbd-2c61-432b-a176-a9107e3dd8ab, 47.9784199827, 78.7612524276, 10.6976335483
43e41b46-c433-4bea-9ec1-c36e902eb1ae, 48.2154542859, 81.4332087048, 11.0321217963
6504f089-e829-47f4-9b42-30c921e8e68d, 46.123393974, 77.4787134146, 10.6976335483
e9343441-5c29-4c10-8e1e-0f0496f5b20e, 46.7265677403, 85.8152169993, 11.4534518347
8d6a6d13-39db-4779-ac04-25dc3239166d, 46.178409438, 82.3951129645, 11.6552196253
05039079-1008-49a9-88b1-4364ff095544, 45.050407894, 83.1432607221, 11.3587707334
6f90ccee-f1f9-4cce-b558-a3c9783f3d3d, 45.0916563111, 90.6247382982, 11.7635506998
020dd884-05d1-4a6a-9d38-5c8c46cbc571, 50.2599081035, 89.8765905406, 11.4589382737
8d46642e-eaae-4102-a24e-3d66a5c1dab8, 46.4736646056, 89.235321034, 10.9071055112
de9c8523-a769-41f5-9405-91c67f0740a9, 46.0609695405, 92.4416685666, 11.8684858706
abaef296-052d-4ae3-9292-8f3c7a18a0b5, 48.2366303024, 88.9146862808, 11.2277252966
b123e1e5-5a6b-4e16-b1a7-1f96e26346d9, 43.2197105787, 88.3802950254, 12.11247095
7014b2a1-4dfe-4831-8c2f-1c758c372aec, 44.647223583, 90.8384948003, 12.0940594069
f62f58b2-af23-423b-a1c6-af47733ef484, 49.6112296273, 86.7771212591, 11.5523035191
829acc68-c901-4085-9750-3e17e08d6b88, 47.2059435318, 91.0522513025, 12.6279503994
2114a12c-f3a4-4495-90e1-8f2160b9e5b1, 47.8911157148, 90.3036606079, 11.5268997618
31e25847-ef23-4cd4-b2c8-059bc5f4d2ce, 46.9520592169, 89.4405962828, 10.8019312582
18f264ae-e474-43e7-b20d-e875d46d12c4, 47.6643711085, 89.0090641202, 11.224836227
b703569f-7e9b-40af-80f0-d49ea99e25f4, 47.2881059807, 88.4336879034, 11.2331318557
46b8ea96-eb2d-4b04-9fcb-593b041a844e, 50.5355757251, 84.6937424944, 11.5134233256
b51c39b6-c317-4f7a-a801-bf3af0fce71c, 46.4388584142, 91.7421011499, 11.975210946
5518163b-9a1f-4b55-bb2a-1bc09c968f1d, 47.6505543498, 92.8928535834, 11.5851164241
66fd1a84-b49e-49c0-85e1-b5d080523197, 48.2755211341, 88.145999795, 11.3695906501
852bb38d-26e1-4734-886c-47861e1d1cb2, 45.4790767782, 91.5982570957, 11.7448252347
59376ac5-859d-4aa0-ad7d-648d5ada9348, 44.7598565073, 88.145999795, 12.5194327147
1a9f2faa-51e8-406f-8e4b-f1f4ecacbcd0, 48.1040435625, 87.4267795241, 11.2395797764
3d9808b2-c124-46d8-9cc5-fef43aa2c916, 47.774905178, 92.7490095292, 11.5994018469
1265ebfd-f1c1-4913-a590-ff8d89fde82f, 41.4262735676, 88.7213760118, 11.6207970399
c28bca49-7f9a-4cba-95d8-aec2018f28dc, 52.0016497844, 92.1736333124, 12.0956040279
9d7a45b7-fbda-4a9c-ab66-89c205a3d36c, 52.5368076371, 91.3105689873, 11.6882900066
a81ae8af-a413-4828-bd78-aec321821e09, 46.0682697537, 92.7490095292, 12.2452753833
fe7592ee-52bd-455f-a582-6c7441a721c4, 51.4413222384, 93.7559179085, 11.8037203137
56f1664c-8f3c-4bdd-9826-212358a0a6f3, 44.8898838028, 93.4682298002, 11.8081036851
98b44fb4-a02e-48c3-89ac-d453c07d91f8, 48.0820865124, 92.4613214208, 12.2317446063
72a5b815-c31f-49bf-a615-2906df43f2d7, 49.6436459705, 93.324385746, 12.1186850621
ba6102dd-add4-4f10-9e60-9116a9a54638, 47.7874900246, 93.4682298002, 12.2731354799
33bbacce-5666-4bc0-84ab-9fcceee38184, 51.0280513897, 93.8997619627, 11.0819261857
ef4e381e-c50c-4eed-a059-4a6f03e5f1a7, 45.2686127547, 90.1598165537, 10.8172514947
772d0e4c-6dd8-4b92-83ca-3a7a231c956b, 49.5493924838, 90.0159724995, 11.3686802812
caa6ab49-c828-49bd-b3c8-3b3857c83b51, 50.0500084398, 87.7144676325, 11.3914176689
e6948aa5-8591-4065-9cae-372fd8530f63, 47.9878330257, 93.6120738544, 11.944922997
4a398d37-f365-4e59-80c5-52baa66d4f12, 49.7208700553, 92.8928535834, 12.0887567364
796d3318-9818-470e-a4ab-8f29e9da04a0, 51.1178603212, 93.8997619627, 12.0956040279
c17d2520-8608-413e-934f-83f1aa7e7c0c, 44.9853692015, 91.3105689873, 11.9993862379
805afbe2-60d8-4ad4-ac49-3981a9bca95a, 47.7460397486, 93.0366976376, 11.6705665589
0eee0be9-97d3-4966-9ed6-547089e6afcf, 48.3421411034, 89.2967522286, 11.4593590273
fd4c2085-d481-4eba-892c-2bb6d379ac22, 44.9175173201, 93.7559179085, 11.8221195472
ae861a93-5d40-4df5-8c42-9b5c4af5733e, 55.2868740686, 96.9204871008, 12.3764249349
b07ef39a-e311-4122-bd18-bdca3e391e30, 47.7196381433, 94.9066703421, 12.5194327147
945c0ac8-3096-417c-95b7-94b0255af1de, 48.4043165175, 87.4267795241, 11.2331318557
a07f6ef6-06e0-4ee6-a4d5-6d31d682a557, 50.0280513897, 91.5982570957, 12.0913249253
fad178e2-d936-4f46-b383-2aa39f59cf06, 51.2121138079, 96.4889549382, 12.2325907186
ae962d78-47d5-4266-b35d-629cfb52d8b7, 47.1857122026, 89.584440337, 11.8037203137
f95e7bf6-7f9d-4b6f-b342-ad67e998cdbd, 47.034959769, 86.5637151989, 11.8317458171
f2ddbe15-741a-4bd5-a25c-4fea06f9e010, 51.8106789868, 92.1736333124, 11.8221195472
808eb07c-72c0-4faf-a2e1-48991163d495, 51.2214860114, 90.7351927705, 12.2393575097
4a31a423-3bb4-45dd-8928-d40e746a8a96, 50.5839343805, 98.2150835885, 12.2452753833
1f247f8d-56eb-435d-bcde-327c0088b6af, 53.532363082, 62.685602203, 11.3686802812
9d02e207-46a3-4358-9dcd-63be8846e4fc, 49.1605425093, 57.6510603063, 10.7971392242
e5ee9cac-52c5-4c8a-80e7-d78485e5abff, 52.5449479286, 59.8087211192, 11.2579820488
52698a7e-6e23-4bbd-b9c4-c36cb9731d3f, 51.4080122537, 67.7201440997, 11.9579129442
76e61c0e-65e2-4867-b694-3bfa31b0369f, 50.6058914306, 59.0895008482, 10.9380944201
03052549-85b8-4ae3-badf-7b6931ecda90, 57.1410492834, 57.5072162521, 11.0893954557
59e9b40c-a330-43a8-9f13-ed520e63b74d, 55.5888620288, 65.5624832869, 11.2992775345
6553643a-b521-4341-a280-9318b304f048, 50.8615014664, 62.2540700404, 11.6785454403
4df2472d-2f9a-4bcb-b1c3-ea7725e5a000, 48.673743312, 60.3840973359, 11.6599195534
a89228a6-6290-4f8e-a892-9010a102c25a, 51.2848933376, 60.6717854443, 10.2219789894
b19123d3-0c43-42b2-88ae-a0f5a70e10ac, 53.0995990073, 53.7672708431, 11.5206127209
fa805c40-8b9e-4604-a2c7-407129cd0485, 49.3677938897, 48.8765730005, 10.7942629822
47b40a6d-5847-49ed-b7db-496bca88cf14, 51.0606125554, 57.0756840895, 11.544843862
88e8bd3e-ef1e-4f12-9008-0ddf89609a1a, 51.8281914818, 62.1102259862, 11.3686802812
d2403cad-9ac2-45c0-ad78-a8f925bd6a8e, 51.0744293141, 66.2817035578, 11.3723213195
c2a122a1-5e3b-441a-bcf7-a228864c2112, 51.6221720135, 65.9940154494, 11.0959269407
961ddabf-8cd3-4809-8964-5dd099206e58, 53.2113649889, 65.5624832869, 11.0809921728
27e5b153-8569-4107-b624-0bd95eac3710, 49.61279981, 63.404822474, 11.0893954557
2d0f8196-f0ad-489f-988c-a385d9c132ad, 48.7038406535, 63.9801986907, 11.5134233256
112da7c3-7495-49c9-a381-2e547d3d07b8, 48.0593806433, 63.5486665282, 11.0959269407
157fc432-4e2e-4904-b4c2-d8c130511d68, 49.2999420083, 65.8501713952, 10.7971392242
98269c69-2add-4ff7-a5ee-b706282ecb45, 50.1987801423, 65.2747951785, 11.975210946
5b7035cd-f4ac-45bd-b8aa-5f342e3ef79b, 50.0687528468, 65.5624832869, 11.0819261857
152d543a-9737-4035-8a8f-dcf791ef5a9d, 49.2515833529, 58.6579686856, 11.3695906501
a3761a69-a172-4321-a521-b5091f66b031, 52.3068503877, 61.966381932, 11.5564925795
9f020176-f428-4806-a214-c23b7f76405d, 47.4400903263, 58.945656794, 10.9975471866
a443597a-3d90-40a6-b891-854a9c5312a6, 50.5461798406, 60.3840973359, 11.8037203137
4ba4bec5-8340-4be9-9624-d5bb19e40672, 51.4689557558, 60.3840973359, 11.544843862
4baef895-65b7-4eb5-9583-290a14f19ba6, 50.3803787363, 59.9525651734, 11.5349780628
d567771e-d70b-445a-bd64-43e1469d6c48, 49.8797627803, 59.2333449024, 11.0819261857
840b432d-3723-472a-8fca-c6c46e0ea48b, 52.0097900758, 67.4324559914, 11.5349780628
a75447c7-9c9b-4fee-a05c-4f19f1a37d4c, 50.312526855, 62.5417581488, 11.3695906501
780cba9b-ef72-4c57-aab1-439553d0d026, 53.0788738693, 65.5624832869, 10.7971392242
1a7893fe-5c99-4072-8040-a4597977a19a, 51.9155365891, 63.404822474, 10.7942629822
da77393f-c180-4bf1-bd4e-c603fa63a702, 49.6034276065, 64.6994189617, 10.9380944201
d7dab1d9-b8e9-4ef3-8b4a-9cb8382d42a5, 49.9407062823, 62.8294462572, 11.3723213195
152813b8-89c8-4aa6-8e0b-86a818b81a9d, 49.772924447, 60.5279413901, 10.234122788
2f62001a-709f-4a2e-a186-a217ef1d2848, 50.8866711596, 65.9940154494, 11.5125243354
a2821438-0c54-4780-9d70-eb73d66e0c4c, 54.3621174225, 67.2886119372, 11.975210946
2cb9eb8d-5ad3-48f9-8184-7e543cda2513, 49.7704606228, 63.9801986907, 11.3695906501
84e86d8c-a77a-4fa8-a9aa-b55c944bc163, 50.2296263028, 61.8225378779, 10.9607811353
307a71a3-939b-4475-83f1-232c9860998c, 53.353977131, 56.9318400353, 10.0997375517
2bf700d6-2834-4a44-bc22-5130a2fb986e, 52.3665619776, 65.2747951785, 11.2285239301
c83a3ba4-cb72-4914-9eb1-5a03bae563a3, 53.0110219879, 62.3979140946, 10.9380944201
797e74fb-4254-4397-8c83-89e064ef5b7b, 52.8383125042, 62.9732903114, 11.0893954557
4d081de5-007d-436a-83c3-4c702248b0b7, 55.8062344316, 66.7132357204, 11.2395797764
2bbf49e5-181a-460f-8a7a-158385674814, 52.0317471259, 61.966381932, 11.3914176689
b85d3ee1-84ac-4ff9-8300-5e12f52d6195, 50.7786009143, 61.8225378779, 11.2257582664
f70c283d-c110-45f0-a683-0c92fe74d841, 57.9029517425, 63.404822474, 11.0893954557
ed261e0a-ad1e-4803-81ca-ab915e7c7640, 50.8200511903, 65.4186392327, 11.3832374436
65ef2fb0-356a-4da3-8559-5baf3a5893d4, 51.1215560574, 63.404822474, 11.5125243354
6eaf6ee4-a1e8-49ce-a552-f9d448e2a56f, 56.813142811, 63.2609784198, 11.8317458171
20d09326-404e-450d-9179-e0fc37fa4ad5, 50.3759341811, 63.404822474, 11.3723213195
1deefaa2-7c5b-4657-b9d5-2277c0fb6872, 49.8615014664, 59.3771889566, 10.4255064843
8a2203b4-d8e1-4ac5-8458-6622db45a4df, 47.9569868652, 60.8156294985, 10.5066011431
be0fe5f6-770c-4206-ba80-bb14a6a75044, 48.5599965993, 60.6717854443, 11.0893954557
b71bf4ff-3ef8-41cb-9153-30c1eb21aea6, 48.2019927854, 63.5486665282, 10.9711635277
7c6027d0-f72d-43ed-b44f-69972a7d41a7, 44.0324959449, 64.4117308533, 11.516119875
6801c20e-f0e7-44cb-b8e4-ef8efa251c78, 52.572581446, 62.3979140946, 10.9456618856
992356d1-6d7e-4fbf-b7a1-b8d04a03b43b, 51.4205971003, 60.9594735527, 11.1043189165
b0555507-f116-4427-99c9-9ab032bfecee, 52.8395444163, 57.6510603063, 10.6843917869
93fb2ae9-091c-40a8-a94a-a2b2ec2a4b5f, 51.5701176218, 78.0769160016, 11.1934416768
d96491b6-30a2-462d-b7e4-fd13bf432a39, 59.61279981, 79.0838243809, 10.7971392242
05e03098-322c-4542-96e0-4a624eba0a1b, 39.1450107455, 78.5084481642, 11.224836227
dbf936a8-be18-4b17-8c06-4e9c1fa9a9ca, 50.0365011342, 91.5020285781, 11.627160872
82459760-23c8-46f0-af93-de19f4881b1d, 46.9404285071, 85.3069835159, 11.433674997
a5c0324b-dca5-4d4f-96ab-bd92e118b297, 48.0685253432, 84.1454125667, 11.4287548525
4a4538aa-c7e7-46c9-ac68-866554995364, 47.9404285071, 89.3724818379, 12.0141431893
31ce62c8-e094-4a2e-97ca-d2c3468464c4, 45.9404285071, 83.7582222503, 11.2751650387
6a8ac9a3-615c-4ed2-a8f0-7569d77a66a7, 45.4207916425, 89.7596721543, 12.2076392965
368c47a0-8990-4204-adda-8860b31dcb18, 48.4867129085, 88.2663224353, 12.0779922483
91345100-f8af-42e6-960f-410a39b949de, 46.5983634601, 86.7574922528, 11.5208519439
46c9f316-d682-4059-bb7e-70759f13ccaf, 50.1867248142, 96.3663581523, 12.314902435
65199169-451f-4b6c-a8e1-0c4f5e043902, 47.4867129085, 86.4398437933, 11.2994018221
72c44ed3-4813-4b5d-91b6-07023910489b, 50.4395392304, 91.6810433748, 12.3570943495
d1d60111-e9bf-4da8-b4fc-a999ee8c8ad4, 45.8864986066, 93.1104614425, 11.7590660888
75b5bca8-cbb4-43c5-b38e-3ba29efb1c0d, 50.2484765639, 81.0398199819, 10.5715868669
f7117e9e-0b38-4d5b-8ebe-d06496193664, 46.8189394396, 81.1986442117, 10.8123440656
2333b59a-ecf2-40d6-b684-1fc948b6fb00, 45.4512731216, 88.5839708948, 11.8398032254
0d0d9399-4010-4b37-a758-df7a316e75b0, 47.9425619957, 88.1869103205, 11.3612100881
dcbef567-47d7-4622-85b0-f60fc2d27c9b, 49.5220336388, 83.8986561173, 11.2158982642
4164dd44-bdde-4d37-946d-5349e159dcb7, 18.1367069557, 79.8486382589, 10.5461917674
79768dc4-a979-44fb-8e22-ed3e38d2afb3, 29.3632094091, 79.6104019142, 10.9684744867
00e157b6-03b7-40da-8621-a52f66c94937, 50.0571757842, 84.136892462, 11.5501123157
fe01f3f1-a84e-42ea-a0d0-ac4c206d3804, 43.9602223608, 84.4545409215, 10.9871528527
4ca63a19-d244-4c53-a96e-d39e678b15ba, 46.7424905617, 81.1986442117, 11.0615507785
801d355e-2738-41da-b811-b6062f0c2ab0, 46.6277577165, 88.1869103205, 11.6775003993
d8b26eb7-df58-4101-b893-2682ee5f533b, 47.3483932243, 80.9604078671, 10.8948884477
06b4eab9-998f-42f9-8c65-92fc8ee305ca, 47.1688263358, 80.6427594076, 10.887067852
4dbe3082-bc38-4ecb-97f1-34ee619640a9, 46.8747647154, 85.6457226445, 10.8890959535
20fdc86c-de2e-4528-ad98-640eb6fa0dd7, 45.9072412654, 80.0074624886, 10.5066329393
e3f6f3d9-6cf0-46ac-b432-af4adc55b9e6, 65.1101568797, 84.9310136107, 11.3678719249
44de5962-3aa6-4589-b563-5d13b21e5e8b, 49.8190584962, 84.136892462, 11.0567016015
9aadf16a-e9ac-4a0a-933f-985f26002e73, 53.3062244222, 81.8237233107, 10.3837237832
b81bd46c-a4a9-406a-bef7-01aef5f30506, 59.2480167054, 84.3351693993, 10.6890282421
69c4e36e-e419-4a76-9db4-5af28742e069, 58.6038227267, 83.8642732577, 10.6786458767
4cc77cf7-4bc9-43e0-9158-b0af19432a66, 61.233009562, 96.2645383203, 11.4731446456
bc324aa8-0d7b-468c-9f41-3bd68574640d, 60.0424391037, 97.5202107766, 11.4677723941
56ef9687-3229-4be0-af80-70c138cf4356, 56.813517331, 96.1075223518, 12.4092382332
5cfdb777-f94d-4a37-b85d-8d5b8c05dbad, 55.035879383, 96.1075223518, 11.9714871854
3c173696-fe1f-4fc0-adb6-5a167cab16e9, 57.2418592852, 74.3915732564, 10.0520071844
3b351e27-7588-4984-8f38-2723227bab27, 59.2680340536, 73.940866376, 9.59883394342
ec2821ee-2178-44e3-a8bd-6d0f5f7bbe69, 55.5979923131, 74.4559599536, 10.2432947187
4e24fdf1-3ff2-4a85-a43c-f2738a541a6a, 55.9843124963, 72.9106792208, 9.75804389865
fe07f887-b76b-4dc8-9678-5f87899aa63c, 55.1814849747, 74.9066668341, 9.47181530487
2c7ecf0a-b5bc-4490-82f6-f9ef872570a0, 56.5637927712, 74.0052530732, 9.67072789589
243dc2b8-f2a2-482c-bbae-5ce8c9ca78a3, 55.5597803844, 73.2326127068, 10.0594316919
f14db5e1-15b0-4569-a821-2bae0fbd2c1e, 54.6841643732, 74.3271865592, 9.40633975968
a0220437-1615-4183-b7b6-a716f58358c8, 56.6543542369, 73.0394526152, 9.14881781262
11890991-fd29-4743-8a94-ede262bbaae5, 55.8072019517, 71.1078516991, 9.35526977534
b26515e0-a378-40ea-98ef-1c91480b6296, 49.6595266219, 79.2356778744, 11.6708813593
6bfd8cac-8cdf-4bbc-bc6a-9927e8b4a204, 50.3198532844, 98.3594536843, 11.7344087093
fe93a1cb-1ccc-49e0-97c1-93f2a8aad17e, 55.8784268069, 97.5808945188, 10.951932507
2a9cedee-da19-4bf0-aa52-27690b5f3af5, 54.6424654448, 103.936624152, 11.239587989
b609ca46-035d-41dc-b9a0-07f9ff799a6b, 50.5417851245, 102.181219779, 10.7187205552
f1f6e236-60dc-465a-82e7-007862dfd82e, 49.9619211885, 107.271892461, 10.8899226709
be53e3a6-2309-4775-a46b-5ad1f436180c, 53.0842190019, 106.745271149, 10.7187205552
f0211d78-0529-4c24-9a10-946d619a6df6, 47.2597594392, 106.218649837, 10.8885071143
89997e3f-5a23-4ad0-ac7d-95884278d43e, 54.7705681858, 104.989866776, 10.8885071143
95ad7132-b595-47a4-9ee1-dc33326caf67, 52.2555567291, 110.256079896, 10.9576542408
61010535-c941-4641-8cf3-8b507ef71446, 53.8079982443, 111.660403395, 11.245072289
4d09519f-b98f-4c40-ba5e-b2f1326cf87e, 54.5101599936, 111.30932252, 10.8941682367
dcda5115-eb79-4eb2-ab6e-058853805995, 55.9477108407, 111.30932252, 11.1321038712
20686fcb-f8e8-4b1b-aaae-db4bc2210887, 55.4411048042, 108.500675523, 11.086315981
82c83c63-206c-40eb-b6bb-6917dcaa12d6, 53.92449113, 109.553918147, 11.1140887464
80c6c405-47d7-4c4a-bb08-a3deb784dbee, 52.451112442, 104.814326339, 11.4205283927
122f240e-3587-4aca-a605-9c242b4aa401, 50.3504321217, 103.936624152, 10.6088629898
faca3068-5809-4648-a3bd-a78b9f0577a5, 52.9028736369, 107.798513773, 11.065440642
3a17280c-a31c-403e-b3cb-1cd27ab1a89e, 54.5892228208, 106.745271149, 10.7359636789
c42844b5-816d-4e0f-a114-d6cfaa72171a, 57.9677261162, 103.585543277, 10.3752658369
85331dad-065a-40fc-af14-3570703e3390, 51.052593871, 104.463245464, 10.7359636789
86423e34-e564-464c-ac22-cf9e3f30b620, 49.4220878036, 104.814326339, 10.3633733263
8ff23ed0-f1e6-4a3a-b0aa-6b5d884aea8e, 56.7057157065, 106.218649837, 11.065440642
4620569f-9172-4446-b5ce-9e388fa6eeee, 55.4985501383, 105.692028525, 11.2409593149
37bf6965-1f62-420a-a09d-2b486f563905, 54.8180058821, 105.165407213, 11.0696188606
c7cd065c-efb0-42f1-9227-8e83a5e73dcd, 53.6798955033, 107.096352024, 11.0696188606
8c5d3ca9-999d-4c74-9bdb-57716fc0a87f, 55.2123217429, 108.851756397, 11.4205283927
e758f41e-10e6-42cc-a92c-9cb13c0ac002, 47.3388222664, 111.30932252, 11.5906688636
f75c90ce-291f-4ea1-9076-ee10d17442e1, 61.6366605171, 110.080539459, 11.7779934268
7477a7a3-7968-4999-8dbe-37725e48b88c, 52.035179088, 111.484862957, 11.5919986391
71b43975-dfa1-48e3-8d64-8c65abc298b2, 53.5892228208, 111.30932252, 11.7714481472
d8fb2bdf-8053-4f96-9d03-62963ddebf64, 53.6108403139, 111.835943832, 11.2615091571
ab457875-8a2c-4b58-9ecc-568cb1edcf7b, 55.6698878655, 107.798513773, 11.6119269895
aed0aada-7292-4b91-b674-e91789ce595d, 48.3388222664, 108.149594648, 11.0696188606
0ee2c68d-bae5-487f-9437-676f6860ab86, 56.508557776, 110.080539459, 11.5919986391
16786e54-e025-4a2d-9357-68e532eb8c8c, 55.2755720047, 111.835943832, 11.7779934268
481f5d6f-6c2b-4a5b-8b46-1396a851e5f1, 53.5734102554, 109.904999021, 11.2409593149
545496a8-3559-4304-adb4-c62e0c353452, 51.2739697871, 109.729458584, 11.065440642
291af82e-ac0d-4f12-a792-b328a52b7bc2, 51.4927452106, 110.080539459, 11.5919986391
e066c5bd-066f-4085-b95e-756c21338ed9, 53.92449113, 111.133782083, 11.943040407
53f7e914-9c7e-4270-8416-624a0f261791, 55.9835386816, 109.553918147, 10.8941682367
10b040b9-c1c0-47db-853c-acc7bf2f2dee, 51.8554359406, 107.798513773, 11.5919986391
e344ecba-8963-4dd7-858f-21eefa2cd0d8, 53.0409840157, 110.958241645, 11.9469115762
1a2ce626-338d-4328-9c5c-cf1163acfd79, 50.3646424696, 109.202837272, 11.5919986391
87688191-f2a5-45ad-99f0-52e28513ea4c, 52.8222085922, 110.958241645, 11.5959870502
af74143e-084c-4996-87ee-fef1f62d195b, 72.92449113, 109.904999021, 11.2409593149
796eca6a-a7e1-424d-b41a-077c403e7df3, 54.9719288263, 110.431620333, 10.9111339727
f1324827-846b-4aa3-a29c-44c595e1422c, 54.5001523559, 84.8027164834, 11.0640475516
d1edd6d6-179e-4638-bd6b-1fae05ea46cf, 57.0267736679, 86.0314995447, 10.3752658369
d4697a25-3ed3-4f39-9536-18d0519eaf09, 53.4310971665, 85.1537973581, 11.0640475516
5aee874c-85c8-49cf-99d4-26a6cfca6708, 55.5533949798, 85.5048782327, 10.5388889751
3a2d6af7-1e7c-49b2-8158-68b2aa57c237, 65.7663654757, 87.4358230433, 10.1999557845
87689d9d-164b-4c97-9294-9d641ce5ef19, 52.3246119185, 85.5048782327, 10.2105291173
fbf38aa0-806f-45a9-896e-6fd4d04e1cb3, 57.6424654448, 92.7020361632, 11.245072289
02738543-2cc2-45e9-b835-aa9731f0155e, 55.9344987678, 91.4732531019, 10.3856606073
0465767e-e4db-4be8-938c-ce2c8eddc7a2, 53.0668042189, 92.1754148512, 10.3618858023
a25b7836-cc36-48ea-bb81-8d7d6ffd2c5d, 54.6466681548, 91.8243339765, 9.48580885078
496fcf78-c8ea-4285-a0b1-ccfbf2df158c, 61.8754512161, 89.0156869793, 10.5388889751
c77187d3-a06b-4761-a56f-aebcb8997aec, 55.4495102244, 90.4200104779, 10.0492268682
28eb1a80-82fa-4df1-84a0-81311970165f, 53.6840982134, 89.7178487286, 10.3856606073
a7f3be33-d046-4a2b-be5b-e8f0ecd186de, 53.7373408373, 89.7178487286, 10.1878585322
951cba38-905c-4d4d-89ec-160de84cec06, 58.5992304585, 89.5423082913, 9.83683169075
2d22f9af-7226-4c80-ba78-50d9335131e8, 50.9503113332, 90.0689296032, 10.1999557845
059c5875-182e-4cec-82ef-a4428fbfc116, 53.7589583304, 89.7178487286, 10.186345365
7a16fb13-5e31-433c-af71-f7184e8bb990, 63.4769326452, 88.840146542, 9.4906828853
d55900e0-519b-45d3-b82b-890417759429, 49.7215282719, 89.0156869793, 10.186345365
77216fd6-842e-47f7-82e6-dee34cca64b0, 54.92449113, 87.4358230433, 10.0123446376
0348ca16-bbe3-4744-9d57-70ac88f977a2, 55.1274539881, 87.0847421687, 10.9012405037
644e2110-fa3e-44e0-b62f-adfb78cd9628, 52.8654435784, 88.4890656673, 9.66131974331
a517203a-a613-4261-ae89-8b0c54addd87, 63.1848993222, 94.1063596618, 11.2738210746
78ba8201-cc4f-49f4-ac4a-441f343e04ff, 58.7115206341, 93.5797383498, 10.8899226709
6a1261c9-be2b-4db4-9731-2238ff53e34c, 52.1317635921, 95.6660034149, 9.30089990188
99581ecd-bbe2-49a6-8fde-54b5cd85e8ae, 55.9308521101, 109.441391679, 11.0122443498
35379051-e0f5-4659-9be6-4e508e637201, 58.6746400347, 107.198886612, 10.585435247
d63bd3bb-22ff-4c97-9611-71ebbecf2edf, 56.3900688278, 109.334605723, 10.4705684543
07880344-1bcd-4c05-be12-d295fdfdedf3, 47.6204874886, 109.014247856, 10.4705684543
8c682dae-5600-42fb-9742-36bf544fddcf, 51.6204874886, 110.509251234, 10.0451516046
beb0321b-ffaa-4b81-994c-ff5dd51f4752, 54.3542821681, 106.985314701, 10.2570078929
4354c43d-6cda-4b9d-8fae-67d12dbb0f6b, 55.8213989706, 106.985314701, 10.2764545828
f9b0d9a4-9839-4b06-ad15-36ca25cb8ea0, 56.1007372767, 111.043181012, 10.5902840858
ba67f699-72db-4cb5-9a64-7a30f3f59a5f, 48.9339918506, 110.829609101, 10.9055396158
ec12fbe5-a712-4c05-8b5b-d860e2dfe436, 51.465828468, 112.644970345, 10.6841294697
d5d6046c-df08-4bd1-9d0d-e968d9279699, 50.3500958475, 112.7517563, 10.3830347188
a5595ab6-a6da-4ed7-9799-b622bddce85d, 55.309076287, 109.65496359, 11.336896973
b6dcd10b-99e8-4dc2-b4eb-a75bad8f062c, 58.5515813532, 109.014247856, 10.2614561013
21cc4de6-2fa6-4bb0-b08d-508f141c1f37, 59.4837217978, 108.69388999, 10.5962074298
ab63d500-0e94-422d-9f41-bf50204f6f72, 57.9308521101, 109.548177634, 9.82930790899
6adbb1ba-7af0-4ec8-a298-19265545fe3d, 57.1933436665, 109.65496359, 10.7909101392
6b1c7268-7f74-43c7-92b0-0017ae252916, 54.7038312571, 109.267079512, 10.7926074833
bf19952f-bc69-4f35-a12a-f60636c6dc31, 57.9067269503, 107.829881147, 11.0040284798
d1046cbc-8594-44d5-85ce-c234042033b2, 58.3608291824, 106.823842291, 10.7849458293
4aefd091-c1c5-44c4-aaeb-2225a54f13fc, 56.0444079311, 105.961523272, 10.6402679031
d9285016-5b0c-448a-a7ea-bf2755855397, 54.469528585, 105.530363762, 10.9286530605
253d2fdc-ee42-40a1-9c10-f6ac189b9702, 53.0383690754, 104.236885234, 10.4975324029
486a2d7e-e541-430f-b88e-c7d64bc26198, 56.0323302197, 104.955484416, 10.644151514
75c813aa-97d8-4898-a01f-3e0134883eab, 54.3197698928, 105.961523272, 10.9428255178
1564cab5-47ad-4394-8e17-3aada7abd322, 59.8535899493, 92.1644189652, 10.0818002948
e61c6369-1493-4c53-9921-560cfeb7edf3, 58.9381339291, 91.5895396191, 10.0910201618
a68de94c-05b3-40e9-92ec-332598aa97ff, 50.9441727848, 91.5895396191, 10.2131560369
691930e8-f8c6-4390-a66f-bb106f7a443b, 55.242477469, 90.2960610903, 10.531926186
dd341219-a749-4966-9bd1-aaeadde2543b, 50.7110828131, 91.4458197826, 10.2101204549
